02030212
02030213
02031202
02031203
02031213
02031302
02031303
02120213
02120302
02120312
02120313
02130203
02130212
02130312
02130313
02131202
02131203
02131213
03020312
03020313
03021202
03021203
03021302
03021303
03021312
03120212
03120213
03120302
03120313
03121302
03121303
03121312
03130203
03130212
03130213
03130312
12021203
12021302
12021303
12021312
12030203
12030212
12030213
12031202
12031213
12031302
12031303
12130203
12130212
12130213
12130312
12130313
12131202
12131203
13020302
13020312
13020313
13021202
13021203
13021303
13021312
13031202
13031203
13031213
13031302
13120212
13120213
13120302
13120312
13120313
13121302
13121303
